bright:

apriltag:
mean: -0.27799632 -0.14637021  0.02279824  0.54797242 -0.77076786  0.04365578  -0.13796153
variance: 0.03256916 0.00477281 0.00407127 0.02762383 0.04387839 0.00778416 0.00541755

aruco:
mean: -0.57071432 -0.28758914 -0.08323372  0.54140617 -0.81291879  0.00251058  -0.19733432
variance: 0.00986594 0.00203839 0.00377341 0.00286199 0.00101703 0.00198661 0.00122964


dim:

apriltag:
mean: -0.400446   -0.04501472 -0.0396799   0.57335159  0.75277878  0.05663658  0.16857373
variance: 0.04258206 0.00921173 0.00989913 0.02641013 0.02936165 0.01326959  0.00392588

aruco:
mean: -0.51235059  0.04902414  0.07964951  0.41904278  0.89205435 -0.07451167  0.09948198
variance: 0.01616135 0.00487165 0.00218358 0.00619082 0.00198296 0.00157118  0.00344857


bright:

        success failure
apriltag:  93      7
aruco:     67      33


dim:

        success failure
apriltag: 93       7
aruco:           

